{
 "cells": [
  {
   "cell_type": "code",
   "execution_count": 35,
   "metadata": {
    "collapsed": true
   },
   "outputs": [],
   "source": [
    "from sklearn.metrics.pairwise import cosine_similarity"
   ]
  },
  {
   "cell_type": "code",
   "execution_count": 20,
   "metadata": {
    "collapsed": false
   },
   "outputs": [],
   "source": [
    "import numpy as np\n",
    "import csv\n",
    "import collections\n",
    "\n",
    "tfidf_pca = np.loadtxt('/home/eshaw/Documents/NLP/eshaw2-finalproject/dream_pca_tf-idf.txt')\n",
    "verbs_matrix = np.loadtxt('/home/eshaw/Documents/NLP/eshaw2-finalproject/dream_verb_types.txt')\n",
    "attr_matrix = np.loadtxt('/home/eshaw/Documents/NLP/eshaw2-finalproject/dream_mod_types.txt')"
   ]
  },
  {
   "cell_type": "code",
   "execution_count": 60,
   "metadata": {
    "collapsed": false
   },
   "outputs": [
    {
     "data": {
      "text/plain": [
       "array([[-0.2668813 ,  0.23704371, -0.12596208,  0.10937757],\n",
       "       [-0.10074654, -0.1796325 , -0.05940608,  0.24922056],\n",
       "       [ 0.28804449,  0.57484135, -0.1010682 , -0.3367975 ],\n",
       "       [-0.2090799 , -0.18882833,  0.06255186,  0.07054171],\n",
       "       [ 0.47452416, -0.26763671, -0.60866496,  0.03600406],\n",
       "       [-0.04822122, -0.26502113,  0.0810346 , -0.19064134],\n",
       "       [ 0.0842244 , -0.30288507,  0.20000201, -0.57257343],\n",
       "       [ 0.12039329, -0.29172272, -0.09061794,  0.24888083],\n",
       "       [ 0.28351953,  0.32031843,  0.18580395,  0.20533113],\n",
       "       [ 0.29456971, -0.00116068,  0.30382156,  0.27362463],\n",
       "       [-0.27062935, -0.02508904,  0.1485846 , -0.1137965 ],\n",
       "       [-0.25954165, -0.06663478,  0.16239175, -0.11299767],\n",
       "       [ 0.50830854,  0.07808535,  0.44036774,  0.12801747],\n",
       "       [-0.27012258,  0.0982329 , -0.11011663,  0.18207582],\n",
       "       [ 0.24975345, -0.14405981, -0.27386199, -0.12355515],\n",
       "       [-0.11483753,  0.3467783 , -0.18405007, -0.2245188 ],\n",
       "       [-0.29873318,  0.14672387, -0.12354406,  0.09019365],\n",
       "       [-0.20236372, -0.18903273,  0.17806071, -0.05635011],\n",
       "       [-0.26218058,  0.11967958, -0.08532676,  0.13796308]])"
      ]
     },
     "execution_count": 60,
     "metadata": {},
     "output_type": "execute_result"
    }
   ],
   "source": [
    "tfidf_pca"
   ]
  },
  {
   "cell_type": "code",
   "execution_count": 14,
   "metadata": {
    "collapsed": false
   },
   "outputs": [
    {
     "name": "stdout",
     "output_type": "stream",
     "text": [
      "(19, 4)\n",
      "(19, 2)\n",
      "(19, 2)\n"
     ]
    }
   ],
   "source": [
    "print np.shape(tfidf_pca)\n",
    "print np.shape(verbs_matrix)\n",
    "print np.shape(attr_matrix)"
   ]
  },
  {
   "cell_type": "code",
   "execution_count": 15,
   "metadata": {
    "collapsed": true
   },
   "outputs": [],
   "source": [
    "info_matrix = np.concatenate((tfidf_pca, verbs_matrix, attr_matrix), axis=1)\n",
    "print np.shape(info_matrix)"
   ]
  },
  {
   "cell_type": "code",
   "execution_count": 36,
   "metadata": {
    "collapsed": false
   },
   "outputs": [
    {
     "data": {
      "text/plain": [
       "array([[ 1.        ,  0.98819387,  0.97514404,  0.92412773,  0.98750012,\n",
       "         0.99548939,  0.98124924,  0.97335226,  0.96759657,  0.95591946,\n",
       "         0.98303665,  0.95345711,  0.98066207,  0.94731223,  0.96909569,\n",
       "         0.98290509,  0.99237642,  0.9780255 ,  0.98228418],\n",
       "       [ 0.98819387,  1.        ,  0.99214737,  0.96192858,  0.98779112,\n",
       "         0.99720096,  0.9598826 ,  0.99197965,  0.93613043,  0.97696484,\n",
       "         0.98410049,  0.98027571,  0.98224859,  0.98127877,  0.98275728,\n",
       "         0.99613555,  0.99895766,  0.9977572 ,  0.98341262],\n",
       "       [ 0.97514404,  0.99214737,  1.        ,  0.93864074,  0.99130667,\n",
       "         0.98919553,  0.93230026,  0.99317917,  0.89910001,  0.99573107,\n",
       "         0.95508655,  0.9814004 ,  0.99129434,  0.98860968,  0.96290613,\n",
       "         0.98597665,  0.98661577,  0.99160785,  0.99111337],\n",
       "       [ 0.92412773,  0.96192858,  0.93864074,  1.        ,  0.9243345 ,\n",
       "         0.94808404,  0.89005907,  0.96175956,  0.86847329,  0.9166898 ,\n",
       "         0.95935495,  0.96999484,  0.91292498,  0.96441561,  0.95090882,\n",
       "         0.97318275,  0.95949698,  0.9735783 ,  0.91553851],\n",
       "       [ 0.98750012,  0.98779112,  0.99130667,  0.9243345 ,  1.        ,\n",
       "         0.99409894,  0.94092823,  0.99102611,  0.91595447,  0.98576774,\n",
       "         0.95595804,  0.97815148,  0.99900467,  0.97488372,  0.94647426,\n",
       "         0.9867782 ,  0.98550776,  0.9845503 ,  0.99936154],\n",
       "       [ 0.99548939,  0.99720096,  0.98919553,  0.94808404,  0.99409894,\n",
       "         1.        ,  0.96511347,  0.99033284,  0.94475412,  0.97446129,\n",
       "         0.9819974 ,  0.97672322,  0.98879614,  0.97320059,  0.97288002,\n",
       "         0.99485659,  0.99769114,  0.99280063,  0.98999465],\n",
       "       [ 0.98124924,  0.9598826 ,  0.93230026,  0.89005907,  0.94092823,\n",
       "         0.96511347,  1.        ,  0.92129139,  0.99547279,  0.89910026,\n",
       "         0.98211639,  0.89089303,  0.92880883,  0.88825048,  0.97390369,\n",
       "         0.9443206 ,  0.97014173,  0.94088683,  0.93124733],\n",
       "       [ 0.97335226,  0.99197965,  0.99317917,  0.96175956,  0.99102611,\n",
       "         0.99033284,  0.92129139,  1.        ,  0.89219609,  0.9871246 ,\n",
       "         0.95939666,  0.99624487,  0.98880148,  0.99458866,  0.95397933,\n",
       "         0.99564769,  0.98700845,  0.9961853 ,  0.98937723],\n",
       "       [ 0.96759657,  0.93613043,  0.89910001,  0.86847329,  0.91595447,\n",
       "         0.94475412,  0.99547279,  0.89219609,  1.        ,  0.8597764 ,\n",
       "         0.97238276,  0.86038804,  0.90077931,  0.85155781,  0.9543914 ,\n",
       "         0.92240906,  0.95024795,  0.91438253,  0.90406765],\n",
       "       [ 0.95591946,  0.97696484,  0.99573107,  0.9166898 ,  0.98576774,\n",
       "         0.97446129,  0.89910026,  0.9871246 ,  0.8597764 ,  1.        ,\n",
       "         0.92407722,  0.97731674,  0.98971079,  0.98702187,  0.93549029,\n",
       "         0.97145232,  0.96796552,  0.97882628,  0.98864823],\n",
       "       [ 0.98303665,  0.98410049,  0.95508655,  0.95935495,  0.95595804,\n",
       "         0.9819974 ,  0.98211639,  0.95939666,  0.97238276,  0.92407722,\n",
       "         1.        ,  0.94434337,  0.94296777,  0.93890797,  0.9891538 ,\n",
       "         0.98001285,  0.99021365,  0.97703921,  0.94579924],\n",
       "       [ 0.95345711,  0.98027571,  0.9814004 ,  0.96999484,  0.97815148,\n",
       "         0.97672322,  0.89089303,  0.99624487,  0.86038804,  0.97731674,\n",
       "         0.94434337,  1.        ,  0.97586754,  0.99567355,  0.93547541,\n",
       "         0.99030086,  0.97353306,  0.99001728,  0.97656738],\n",
       "       [ 0.98066207,  0.98224859,  0.99129434,  0.91292498,  0.99900467,\n",
       "         0.98879614,  0.92880883,  0.98880148,  0.90077931,  0.98971079,\n",
       "         0.94296777,  0.97586754,  1.        ,  0.97450846,  0.93622385,\n",
       "         0.98052953,  0.97843598,  0.9795023 ,  0.9998903 ],\n",
       "       [ 0.94731223,  0.98127877,  0.98860968,  0.96441561,  0.97488372,\n",
       "         0.97320059,  0.88825048,  0.99458866,  0.85155781,  0.98702187,\n",
       "         0.93890797,  0.99567355,  0.97450846,  1.        ,  0.94366337,\n",
       "         0.98496241,  0.97238774,  0.99049044,  0.97454231],\n",
       "       [ 0.96909569,  0.98275728,  0.96290613,  0.95090882,  0.94647426,\n",
       "         0.97288002,  0.97390369,  0.95397933,  0.9543914 ,  0.93549029,\n",
       "         0.9891538 ,  0.93547541,  0.93622385,  0.94366337,  1.        ,\n",
       "         0.96911556,  0.985367  ,  0.9754252 ,  0.93799698],\n",
       "       [ 0.98290509,  0.99613555,  0.98597665,  0.97318275,  0.9867782 ,\n",
       "         0.99485659,  0.9443206 ,  0.99564769,  0.92240906,  0.97145232,\n",
       "         0.98001285,  0.99030086,  0.98052953,  0.98496241,  0.96911556,\n",
       "         1.        ,  0.99488885,  0.99796091,  0.98203377],\n",
       "       [ 0.99237642,  0.99895766,  0.98661577,  0.95949698,  0.98550776,\n",
       "         0.99769114,  0.97014173,  0.98700845,  0.95024795,  0.96796552,\n",
       "         0.99021365,  0.97353306,  0.97843598,  0.97238774,  0.985367  ,\n",
       "         0.99488885,  1.        ,  0.99476646,  0.98002153],\n",
       "       [ 0.9780255 ,  0.9977572 ,  0.99160785,  0.9735783 ,  0.9845503 ,\n",
       "         0.99280063,  0.94088683,  0.9961853 ,  0.91438253,  0.97882628,\n",
       "         0.97703921,  0.99001728,  0.9795023 ,  0.99049044,  0.9754252 ,\n",
       "         0.99796091,  0.99476646,  1.        ,  0.98056705],\n",
       "       [ 0.98228418,  0.98341262,  0.99111337,  0.91553851,  0.99936154,\n",
       "         0.98999465,  0.93124733,  0.98937723,  0.90406765,  0.98864823,\n",
       "         0.94579924,  0.97656738,  0.9998903 ,  0.97454231,  0.93799698,\n",
       "         0.98203377,  0.98002153,  0.98056705,  1.        ]])"
      ]
     },
     "execution_count": 36,
     "metadata": {},
     "output_type": "execute_result"
    }
   ],
   "source": [
    "cosine_similarities = cosine_similarity(info_matrix)\n",
    "cosine_similarities"
   ]
  },
  {
   "cell_type": "code",
   "execution_count": 38,
   "metadata": {
    "collapsed": true
   },
   "outputs": [],
   "source": [
    "verbs_matrix = np.loadtxt('/home/eshaw/Documents/NLP/eshaw2-finalproject/dream_verb_types.txt')\n",
    "attr_matrix = np.loadtxt('/home/eshaw/Documents/NLP/eshaw2-finalproject/dream_mod_types.txt')"
   ]
  },
  {
   "cell_type": "code",
   "execution_count": 45,
   "metadata": {
    "collapsed": false
   },
   "outputs": [],
   "source": [
    "from scipy import stats\n",
    "\n",
    "agent = stats.zscore(verbs_matrix[:,0])\n",
    "patient = stats.zscore(verbs_matrix[:,1])\n",
    "attr = stats.zscore(attr_matrix[:,0])\n",
    "mod = stats.zscore(attr_matrix[:,1])"
   ]
  },
  {
   "cell_type": "code",
   "execution_count": 49,
   "metadata": {
    "collapsed": false
   },
   "outputs": [
    {
     "name": "stdout",
     "output_type": "stream",
     "text": [
      "(19,)\n",
      "(19,)\n",
      "(19,)\n",
      "(19,)\n",
      "(19, 4)\n"
     ]
    }
   ],
   "source": [
    "print np.shape(agent)\n",
    "print np.shape(patient)\n",
    "print np.shape(attr)\n",
    "print np.shape(mod)\n",
    "print np.shape(tfidf_pca)"
   ]
  },
  {
   "cell_type": "code",
   "execution_count": 56,
   "metadata": {
    "collapsed": false
   },
   "outputs": [],
   "source": [
    "grammar_matrix = np.column_stack((agent,patient,attr,mod))"
   ]
  },
  {
   "cell_type": "code",
   "execution_count": 57,
   "metadata": {
    "collapsed": false
   },
   "outputs": [
    {
     "data": {
      "text/plain": [
       "array([[ 0.01448109,  0.27323539,  0.81160342,  0.03768979],\n",
       "       [-0.97602515, -0.94653749, -1.06201714, -0.92629905],\n",
       "       [ 1.6469821 ,  1.40375659,  1.35665667,  0.61608309],\n",
       "       [-1.06773869, -1.09529028, -1.220991  , -0.89875651],\n",
       "       [ 0.89493107,  1.55250938,  1.49291998,  0.94659355],\n",
       "       [-0.99436786, -0.90191165, -1.01659603, -0.89875651],\n",
       "       [-0.97602515, -0.94653749, -0.80084579, -1.0364692 ],\n",
       "       [ 1.61029669,  1.44838243,  1.47020943,  1.82795478],\n",
       "       [-1.12276681, -1.05066444, -0.97117493, -1.06401174],\n",
       "       [-0.1872887 , -0.09864659, -0.47154278, -0.54070351],\n",
       "       [-0.64585641, -0.82753526, -0.51696388, -0.56824605],\n",
       "       [ 1.02333003,  0.82362071,  0.66398483,  1.69024209],\n",
       "       [ 0.83990295,  1.6120105 ,  1.28852501,  0.72625325],\n",
       "       [ 1.4085269 ,  0.88312183,  0.64127427,  1.24956147],\n",
       "       [-0.73756995, -0.94653749, -0.83491161, -0.92629905],\n",
       "       [ 0.76653212,  0.49636457,  0.9138009 ,  1.16693386],\n",
       "       [-0.95768244, -0.93166221, -1.00524076, -0.89875651],\n",
       "       [ 0.5097342 ,  0.1244826 ,  0.35739237,  0.45082786],\n",
       "       [-1.04939598, -0.87216109, -1.09608296, -0.95384159]])"
      ]
     },
     "execution_count": 57,
     "metadata": {},
     "output_type": "execute_result"
    }
   ],
   "source": [
    "grammar_matrix"
   ]
  },
  {
   "cell_type": "code",
   "execution_count": 58,
   "metadata": {
    "collapsed": false
   },
   "outputs": [
    {
     "name": "stdout",
     "output_type": "stream",
     "text": [
      "(19, 8)\n"
     ]
    }
   ],
   "source": [
    "info_matrix = np.concatenate((tfidf_pca, grammar_matrix), axis=1)\n",
    "print np.shape(info_matrix)"
   ]
  },
  {
   "cell_type": "code",
   "execution_count": 59,
   "metadata": {
    "collapsed": false
   },
   "outputs": [
    {
     "data": {
      "text/plain": [
       "array([[ 1.        , -0.61414464,  0.60885981, -0.64773863,  0.630728  ,\n",
       "        -0.65642424, -0.60385615,  0.53286673, -0.55360107, -0.61103432,\n",
       "        -0.50649698,  0.40371668,  0.59320193,  0.46056173, -0.63213488,\n",
       "         0.61381644, -0.53628143,  0.41161593, -0.55332443],\n",
       "       [-0.61414464,  1.        , -0.95233918,  0.99077288, -0.90577481,\n",
       "         0.97061887,  0.89064169, -0.95267643,  0.94354093,  0.72506828,\n",
       "         0.9320621 , -0.89993323, -0.91673817, -0.91058467,  0.94691413,\n",
       "        -0.94032241,  0.97695626, -0.82194596,  0.98251295],\n",
       "       [ 0.60885981, -0.95233918,  1.        , -0.96204836,  0.87185969,\n",
       "        -0.9354192 , -0.84699642,  0.86531295, -0.86574448, -0.59282946,\n",
       "        -0.91402784,  0.75919048,  0.8923288 ,  0.85236217, -0.86264878,\n",
       "         0.84991602, -0.91443986,  0.69703503, -0.92026282],\n",
       "       [-0.64773863,  0.99077288, -0.96204836,  1.        , -0.94088827,\n",
       "         0.98464548,  0.91639239, -0.9575806 ,  0.93316978,  0.68677868,\n",
       "         0.95985871, -0.86385906, -0.93642337, -0.90373077,  0.93681231,\n",
       "        -0.91758339,  0.9782173 , -0.78011994,  0.98069632],\n",
       "       [ 0.630728  , -0.90577481,  0.87185969, -0.94088827,  1.        ,\n",
       "        -0.90946847, -0.85459943,  0.91715605, -0.89760401, -0.65836042,\n",
       "        -0.95407352,  0.7633019 ,  0.90062354,  0.80361882, -0.8349688 ,\n",
       "         0.81383353, -0.92981412,  0.64836902, -0.92228891],\n",
       "       [-0.65642424,  0.97061887, -0.9354192 ,  0.98464548, -0.90946847,\n",
       "         1.        ,  0.96890264, -0.96585212,  0.92434221,  0.68572544,\n",
       "         0.95249282, -0.88539753, -0.9049434 , -0.94215018,  0.95503339,\n",
       "        -0.92895889,  0.95259899, -0.79298268,  0.95711179],\n",
       "       [-0.60385615,  0.89064169, -0.84699642,  0.91639239, -0.85459943,\n",
       "         0.96890264,  1.        , -0.94020329,  0.87708424,  0.63148043,\n",
       "         0.92650045, -0.87190742, -0.83528101, -0.94807869,  0.93044973,\n",
       "        -0.87942365,  0.87781519, -0.74114765,  0.87802863],\n",
       "       [ 0.53286673, -0.95267643,  0.86531295, -0.9575806 ,  0.91715605,\n",
       "        -0.96585212, -0.94020329,  1.        , -0.96400817, -0.70595076,\n",
       "        -0.95004042,  0.93934255,  0.88251255,  0.95326157, -0.94466616,\n",
       "         0.90925374, -0.97328945,  0.8620416 , -0.97355415],\n",
       "       [-0.55360107,  0.94354093, -0.86574448,  0.93316978, -0.89760401,\n",
       "         0.92434221,  0.87708424, -0.96400817,  1.        ,  0.78915415,\n",
       "         0.90083932, -0.92538335, -0.82783469, -0.93905861,  0.92450969,\n",
       "        -0.89912121,  0.94118623, -0.88542493,  0.94756085],\n",
       "       [-0.61103432,  0.72506828, -0.59282946,  0.68677868, -0.65836042,\n",
       "         0.68572544,  0.63148043, -0.70595076,  0.78915415,  1.        ,\n",
       "         0.56835411, -0.76229365, -0.45306437, -0.69990286,  0.674447  ,\n",
       "        -0.86490355,  0.64817991, -0.70762362,  0.68572056],\n",
       "       [-0.50649698,  0.9320621 , -0.91402784,  0.95985871, -0.95407352,\n",
       "         0.95249282,  0.92650045, -0.95004042,  0.90083932,  0.56835411,\n",
       "         1.        , -0.83441134, -0.92857215, -0.89482015,  0.89041992,\n",
       "        -0.83544874,  0.95141596, -0.68668398,  0.93958122],\n",
       "       [ 0.40371668, -0.89993323,  0.75919048, -0.86385906,  0.7633019 ,\n",
       "        -0.88539753, -0.87190742,  0.93934255, -0.92538335, -0.76229365,\n",
       "        -0.83441134,  1.        ,  0.75706567,  0.94681247, -0.92730821,\n",
       "         0.92424842, -0.88947118,  0.89792804, -0.89587927],\n",
       "       [ 0.59320193, -0.91673817,  0.8923288 , -0.93642337,  0.90062354,\n",
       "        -0.9049434 , -0.83528101,  0.88251255, -0.82783469, -0.45306437,\n",
       "        -0.92857215,  0.75706567,  1.        ,  0.77693217, -0.90032363,\n",
       "         0.75589303, -0.93967462,  0.66211077, -0.91911654],\n",
       "       [ 0.46056173, -0.91058467,  0.85236217, -0.90373077,  0.80361882,\n",
       "        -0.94215018, -0.94807869,  0.95326157, -0.93905861, -0.69990286,\n",
       "        -0.89482015,  0.94681247,  0.77693217,  1.        , -0.92759463,\n",
       "         0.90730528, -0.89453834,  0.87048407, -0.9034382 ],\n",
       "       [-0.63213488,  0.94691413, -0.86264878,  0.93681231, -0.8349688 ,\n",
       "         0.95503339,  0.93044973, -0.94466616,  0.92450969,  0.674447  ,\n",
       "         0.89041992, -0.92730821, -0.90032363, -0.92759463,  1.        ,\n",
       "        -0.89756538,  0.92609914, -0.84533693,  0.92361183],\n",
       "       [ 0.61381644, -0.94032241,  0.84991602, -0.91758339,  0.81383353,\n",
       "        -0.92895889, -0.87942365,  0.90925374, -0.89912121, -0.86490355,\n",
       "        -0.83544874,  0.92424842,  0.75589303,  0.90730528, -0.89756538,\n",
       "         1.        , -0.88285076,  0.81381596, -0.90498132],\n",
       "       [-0.53628143,  0.97695626, -0.91443986,  0.9782173 , -0.92981412,\n",
       "         0.95259899,  0.87781519, -0.97328945,  0.94118623,  0.64817991,\n",
       "         0.95141596, -0.88947118, -0.93967462, -0.89453834,  0.92609914,\n",
       "        -0.88285076,  1.        , -0.83207691,  0.99725578],\n",
       "       [ 0.41161593, -0.82194596,  0.69703503, -0.78011994,  0.64836902,\n",
       "        -0.79298268, -0.74114765,  0.8620416 , -0.88542493, -0.70762362,\n",
       "        -0.68668398,  0.89792804,  0.66211077,  0.87048407, -0.84533693,\n",
       "         0.81381596, -0.83207691,  1.        , -0.85153861],\n",
       "       [-0.55332443,  0.98251295, -0.92026282,  0.98069632, -0.92228891,\n",
       "         0.95711179,  0.87802863, -0.97355415,  0.94756085,  0.68572056,\n",
       "         0.93958122, -0.89587927, -0.91911654, -0.9034382 ,  0.92361183,\n",
       "        -0.90498132,  0.99725578, -0.85153861,  1.        ]])"
      ]
     },
     "execution_count": 59,
     "metadata": {},
     "output_type": "execute_result"
    }
   ],
   "source": [
    "cosine_similarities = cosine_similarity(info_matrix)\n",
    "cosine_similarities"
   ]
  },
  {
   "cell_type": "code",
   "execution_count": null,
   "metadata": {
    "collapsed": true
   },
   "outputs": [],
   "source": []
  }
 ],
 "metadata": {
  "kernelspec": {
   "display_name": "Python 2",
   "language": "python",
   "name": "python2"
  },
  "language_info": {
   "codemirror_mode": {
    "name": "ipython",
    "version": 2
   },
   "file_extension": ".py",
   "mimetype": "text/x-python",
   "name": "python",
   "nbconvert_exporter": "python",
   "pygments_lexer": "ipython2",
   "version": "2.7.11"
  }
 },
 "nbformat": 4,
 "nbformat_minor": 0
}
