{
 "cells": [
  {
   "cell_type": "code",
   "execution_count": 1,
   "metadata": {
    "collapsed": false
   },
   "outputs": [
    {
     "name": "stdout",
     "output_type": "stream",
     "text": [
      "690\n"
     ]
    }
   ],
   "source": [
    "import collections\n",
    "import numpy as np\n",
    "from sklearn.feature_extraction.text import TfidfVectorizer\n",
    "import csv\n",
    "import os\n",
    "\n",
    "# list_of_characters = ['PUCK','EGEUS','HELENA','Pyramus','BOTTOM','HERMIA','FLUTE','QUINCE','THESEUS','TITANIA','LYSANDER',\n",
    "# 'Prologue','Fairy','DEMETRIUS','Thisbe','HIPPOLYTA','PHILOSTRATE','OBERON']\n",
    "\n",
    "list_of_characters=[]\n",
    "token_dict = collections.defaultdict(list)\n",
    "\n",
    "for subdir, dirs, files in os.walk('/home/eshaw/Documents/NLP/eshaw2-finalproject/csv'):\n",
    "    print len(files)\n",
    "    for file in files:\n",
    "        list_of_characters.append(file[0:-4])\n",
    "        file_path = subdir + os.path.sep + file\n",
    "        shakes = open(file_path, 'r')\n",
    "        text = shakes.read()\n",
    "        token_dict[file] = text"
   ]
  },
  {
   "cell_type": "code",
   "execution_count": 70,
   "metadata": {
    "collapsed": false
   },
   "outputs": [
    {
     "name": "stdout",
     "output_type": "stream",
     "text": [
      "1416\n",
      "19\n",
      "638\n"
     ]
    }
   ],
   "source": [
    "with open(\"dream.csv\", \"r\") as corpus:\n",
    "    reader = csv.reader(corpus, delimiter=',')\n",
    "    word_corpus = reader.next()\n",
    "    print len(word_corpus)\n",
    "\n",
    "print len(files)\n",
    "print len(set(word_corpus))"
   ]
  },
  {
   "cell_type": "code",
   "execution_count": 2,
   "metadata": {
    "collapsed": false
   },
   "outputs": [
    {
     "data": {
      "text/plain": [
       "<690x22336 sparse matrix of type '<type 'numpy.float64'>'\n",
       "\twith 287607 stored elements in Compressed Sparse Row format>"
      ]
     },
     "execution_count": 2,
     "metadata": {},
     "output_type": "execute_result"
    }
   ],
   "source": [
    "tf = TfidfVectorizer(analyzer='word', min_df = 0)\n",
    "\n",
    "tfidf_matrix =  tf.fit_transform(token_dict.values())\n",
    "feature_names = tf.get_feature_names() \n",
    "tfidf_matrix"
   ]
  },
  {
   "cell_type": "code",
   "execution_count": 31,
   "metadata": {
    "collapsed": false
   },
   "outputs": [
    {
     "name": "stdout",
     "output_type": "stream",
     "text": [
      "[[ 0.          0.54264221  0.32938539  0.54594117  0.21458584  0.35258412\n",
      "   0.28378371  0.43118779  0.39961544  0.33013843  0.55428144  0.52834782\n",
      "   0.25730047  0.68185248  0.28866626  0.47941375  0.67677776  0.51433005\n",
      "   0.65322859]\n",
      " [ 0.54264221  1.          0.24973604  0.6767617   0.31098114  0.40995879\n",
      "   0.32690022  0.61778964  0.36053666  0.41925729  0.51685466  0.54972432\n",
      "   0.31700476  0.60257207  0.34392011  0.3616565   0.58619941  0.5537986\n",
      "   0.59580188]\n",
      " [ 0.32938539  0.24973604  1.          0.28030518  0.12701216  0.15590855\n",
      "   0.15774224  0.22092939  0.29834453  0.22952648  0.28651527  0.29846079\n",
      "   0.20441673  0.30637777  0.16657878  0.29879486  0.35842334  0.24324081\n",
      "   0.33689633]\n",
      " [ 0.54594117  0.6767617   0.28030518  1.          0.25696919  0.52056912\n",
      "   0.38379918  0.5885679   0.35603093  0.42799638  0.63570419  0.65193714\n",
      "   0.33822045  0.61799829  0.38497901  0.41586026  0.64393832  0.65310933\n",
      "   0.62486882]\n",
      " [ 0.21458584  0.31098114  0.12701216  0.25696919  1.          0.17159839\n",
      "   0.12462119  0.36052565  0.17014512  0.14988406  0.20867169  0.19036339\n",
      "   0.12348064  0.21426785  0.18022204  0.13165386  0.25608191  0.23377911\n",
      "   0.25271991]\n",
      " [ 0.35258412  0.40995879  0.15590855  0.52056912  0.17159839  1.\n",
      "   0.26889873  0.35654433  0.23349126  0.26583107  0.44826304  0.41899649\n",
      "   0.21396569  0.38809979  0.25219086  0.27178551  0.41967328  0.45059056\n",
      "   0.39650386]\n",
      " [ 0.28378371  0.32690022  0.15774224  0.38379918  0.12462119  0.26889873\n",
      "   1.          0.33735654  0.17147474  0.23321914  0.37689101  0.38721009\n",
      "   0.18518502  0.32247324  0.20009191  0.20649286  0.32528951  0.42186612\n",
      "   0.31450692]\n",
      " [ 0.43118779  0.61778964  0.22092939  0.5885679   0.36052565  0.35654433\n",
      "   0.33735654  1.          0.33553354  0.45422565  0.43671961  0.44523764\n",
      "   0.31789064  0.53138341  0.3783158   0.29455745  0.49385764  0.51334671\n",
      "   0.48906021]\n",
      " [ 0.39961544  0.36053666  0.29834453  0.35603093  0.17014512  0.23349126\n",
      "   0.17147474  0.33553354  1.          0.34388689  0.37405098  0.34958054\n",
      "   0.35556435  0.37251736  0.20004477  0.24738729  0.38805709  0.36270581\n",
      "   0.43567171]\n",
      " [ 0.33013843  0.41925729  0.22952648  0.42799638  0.14988406  0.26583107\n",
      "   0.23321914  0.45422565  0.34388689  1.          0.3640736   0.35430657\n",
      "   0.3770153   0.39414212  0.22383893  0.25134616  0.38871855  0.38493653\n",
      "   0.38038242]\n",
      " [ 0.55428144  0.51685466  0.28651527  0.63570419  0.20867169  0.44826304\n",
      "   0.37689101  0.43671961  0.37405098  0.3640736   1.          0.67310237\n",
      "   0.30303947  0.53621672  0.28595693  0.45236143  0.61836946  0.68501614\n",
      "   0.61181387]\n",
      " [ 0.52834782  0.54972432  0.29846079  0.65193714  0.19036339  0.41899649\n",
      "   0.38721009  0.44523764  0.34958054  0.35430657  0.67310237  1.\n",
      "   0.28441022  0.53048671  0.27978959  0.39537563  0.5808215   0.65058442\n",
      "   0.58188301]\n",
      " [ 0.25730047  0.31700476  0.20441673  0.33822045  0.12348064  0.21396569\n",
      "   0.18518502  0.31789064  0.35556435  0.3770153   0.30303947  0.28441022\n",
      "   1.          0.26571119  0.20707149  0.1923913   0.26894757  0.33012769\n",
      "   0.27770822]\n",
      " [ 0.68185248  0.60257207  0.30637777  0.61799829  0.21426785  0.38809979\n",
      "   0.32247324  0.53138341  0.37251736  0.39414212  0.53621672  0.53048671\n",
      "   0.26571119  1.          0.33919787  0.45325343  0.71847637  0.54788312\n",
      "   0.67343108]\n",
      " [ 0.28866626  0.34392011  0.16657878  0.38497901  0.18022204  0.25219086\n",
      "   0.20009191  0.3783158   0.20004477  0.22383893  0.28595693  0.27978959\n",
      "   0.20707149  0.33919787  1.          0.26459079  0.34102105  0.31970845\n",
      "   0.35511875]\n",
      " [ 0.47941375  0.3616565   0.29879486  0.41586026  0.13165386  0.27178551\n",
      "   0.20649286  0.29455745  0.24738729  0.25134616  0.45236143  0.39537563\n",
      "   0.1923913   0.45325343  0.26459079  1.          0.51759334  0.36609298\n",
      "   0.44330359]\n",
      " [ 0.67677776  0.58619941  0.35842334  0.64393832  0.25608191  0.41967328\n",
      "   0.32528951  0.49385764  0.38805709  0.38871855  0.61836946  0.5808215\n",
      "   0.26894757  0.71847637  0.34102105  0.51759334  1.          0.57685635\n",
      "   0.72733862]\n",
      " [ 0.51433005  0.5537986   0.24324081  0.65310933  0.23377911  0.45059056\n",
      "   0.42186612  0.51334671  0.36270581  0.38493653  0.68501614  0.65058442\n",
      "   0.33012769  0.54788312  0.31970845  0.36609298  0.57685635  1.\n",
      "   0.58781667]\n",
      " [ 0.65322859  0.59580188  0.33689633  0.62486882  0.25271991  0.39650386\n",
      "   0.31450692  0.48906021  0.43567171  0.38038242  0.61181387  0.58188301\n",
      "   0.27770822  0.67343108  0.35511875  0.44330359  0.72733862  0.58781667\n",
      "   1.        ]]\n",
      "[[ 0.          0.54264221  0.32938539  0.54594117  0.21458584  0.35258412\n",
      "   0.28378371  0.43118779  0.39961544  0.33013843  0.55428144  0.52834782\n",
      "   0.25730047  0.68185248  0.28866626  0.47941375  0.67677776  0.51433005\n",
      "   0.65322859]\n",
      " [ 0.54264221  0.          0.24973604  0.6767617   0.31098114  0.40995879\n",
      "   0.32690022  0.61778964  0.36053666  0.41925729  0.51685466  0.54972432\n",
      "   0.31700476  0.60257207  0.34392011  0.3616565   0.58619941  0.5537986\n",
      "   0.59580188]\n",
      " [ 0.32938539  0.24973604  1.          0.28030518  0.12701216  0.15590855\n",
      "   0.15774224  0.22092939  0.29834453  0.22952648  0.28651527  0.29846079\n",
      "   0.20441673  0.30637777  0.16657878  0.29879486  0.35842334  0.24324081\n",
      "   0.33689633]\n",
      " [ 0.54594117  0.6767617   0.28030518  1.          0.25696919  0.52056912\n",
      "   0.38379918  0.5885679   0.35603093  0.42799638  0.63570419  0.65193714\n",
      "   0.33822045  0.61799829  0.38497901  0.41586026  0.64393832  0.65310933\n",
      "   0.62486882]\n",
      " [ 0.21458584  0.31098114  0.12701216  0.25696919  1.          0.17159839\n",
      "   0.12462119  0.36052565  0.17014512  0.14988406  0.20867169  0.19036339\n",
      "   0.12348064  0.21426785  0.18022204  0.13165386  0.25608191  0.23377911\n",
      "   0.25271991]\n",
      " [ 0.35258412  0.40995879  0.15590855  0.52056912  0.17159839  1.\n",
      "   0.26889873  0.35654433  0.23349126  0.26583107  0.44826304  0.41899649\n",
      "   0.21396569  0.38809979  0.25219086  0.27178551  0.41967328  0.45059056\n",
      "   0.39650386]\n",
      " [ 0.28378371  0.32690022  0.15774224  0.38379918  0.12462119  0.26889873\n",
      "   1.          0.33735654  0.17147474  0.23321914  0.37689101  0.38721009\n",
      "   0.18518502  0.32247324  0.20009191  0.20649286  0.32528951  0.42186612\n",
      "   0.31450692]\n",
      " [ 0.43118779  0.61778964  0.22092939  0.5885679   0.36052565  0.35654433\n",
      "   0.33735654  1.          0.33553354  0.45422565  0.43671961  0.44523764\n",
      "   0.31789064  0.53138341  0.3783158   0.29455745  0.49385764  0.51334671\n",
      "   0.48906021]\n",
      " [ 0.39961544  0.36053666  0.29834453  0.35603093  0.17014512  0.23349126\n",
      "   0.17147474  0.33553354  1.          0.34388689  0.37405098  0.34958054\n",
      "   0.35556435  0.37251736  0.20004477  0.24738729  0.38805709  0.36270581\n",
      "   0.43567171]\n",
      " [ 0.33013843  0.41925729  0.22952648  0.42799638  0.14988406  0.26583107\n",
      "   0.23321914  0.45422565  0.34388689  1.          0.3640736   0.35430657\n",
      "   0.3770153   0.39414212  0.22383893  0.25134616  0.38871855  0.38493653\n",
      "   0.38038242]\n",
      " [ 0.55428144  0.51685466  0.28651527  0.63570419  0.20867169  0.44826304\n",
      "   0.37689101  0.43671961  0.37405098  0.3640736   1.          0.67310237\n",
      "   0.30303947  0.53621672  0.28595693  0.45236143  0.61836946  0.68501614\n",
      "   0.61181387]\n",
      " [ 0.52834782  0.54972432  0.29846079  0.65193714  0.19036339  0.41899649\n",
      "   0.38721009  0.44523764  0.34958054  0.35430657  0.67310237  1.\n",
      "   0.28441022  0.53048671  0.27978959  0.39537563  0.5808215   0.65058442\n",
      "   0.58188301]\n",
      " [ 0.25730047  0.31700476  0.20441673  0.33822045  0.12348064  0.21396569\n",
      "   0.18518502  0.31789064  0.35556435  0.3770153   0.30303947  0.28441022\n",
      "   1.          0.26571119  0.20707149  0.1923913   0.26894757  0.33012769\n",
      "   0.27770822]\n",
      " [ 0.68185248  0.60257207  0.30637777  0.61799829  0.21426785  0.38809979\n",
      "   0.32247324  0.53138341  0.37251736  0.39414212  0.53621672  0.53048671\n",
      "   0.26571119  1.          0.33919787  0.45325343  0.71847637  0.54788312\n",
      "   0.67343108]\n",
      " [ 0.28866626  0.34392011  0.16657878  0.38497901  0.18022204  0.25219086\n",
      "   0.20009191  0.3783158   0.20004477  0.22383893  0.28595693  0.27978959\n",
      "   0.20707149  0.33919787  1.          0.26459079  0.34102105  0.31970845\n",
      "   0.35511875]\n",
      " [ 0.47941375  0.3616565   0.29879486  0.41586026  0.13165386  0.27178551\n",
      "   0.20649286  0.29455745  0.24738729  0.25134616  0.45236143  0.39537563\n",
      "   0.1923913   0.45325343  0.26459079  1.          0.51759334  0.36609298\n",
      "   0.44330359]\n",
      " [ 0.67677776  0.58619941  0.35842334  0.64393832  0.25608191  0.41967328\n",
      "   0.32528951  0.49385764  0.38805709  0.38871855  0.61836946  0.5808215\n",
      "   0.26894757  0.71847637  0.34102105  0.51759334  1.          0.57685635\n",
      "   0.72733862]\n",
      " [ 0.51433005  0.5537986   0.24324081  0.65310933  0.23377911  0.45059056\n",
      "   0.42186612  0.51334671  0.36270581  0.38493653  0.68501614  0.65058442\n",
      "   0.33012769  0.54788312  0.31970845  0.36609298  0.57685635  1.\n",
      "   0.58781667]\n",
      " [ 0.65322859  0.59580188  0.33689633  0.62486882  0.25271991  0.39650386\n",
      "   0.31450692  0.48906021  0.43567171  0.38038242  0.61181387  0.58188301\n",
      "   0.27770822  0.67343108  0.35511875  0.44330359  0.72733862  0.58781667\n",
      "   1.        ]]\n",
      "[[ 0.          0.54264221  0.32938539  0.54594117  0.21458584  0.35258412\n",
      "   0.28378371  0.43118779  0.39961544  0.33013843  0.55428144  0.52834782\n",
      "   0.25730047  0.68185248  0.28866626  0.47941375  0.67677776  0.51433005\n",
      "   0.65322859]\n",
      " [ 0.54264221  0.          0.24973604  0.6767617   0.31098114  0.40995879\n",
      "   0.32690022  0.61778964  0.36053666  0.41925729  0.51685466  0.54972432\n",
      "   0.31700476  0.60257207  0.34392011  0.3616565   0.58619941  0.5537986\n",
      "   0.59580188]\n",
      " [ 0.32938539  0.24973604  0.          0.28030518  0.12701216  0.15590855\n",
      "   0.15774224  0.22092939  0.29834453  0.22952648  0.28651527  0.29846079\n",
      "   0.20441673  0.30637777  0.16657878  0.29879486  0.35842334  0.24324081\n",
      "   0.33689633]\n",
      " [ 0.54594117  0.6767617   0.28030518  1.          0.25696919  0.52056912\n",
      "   0.38379918  0.5885679   0.35603093  0.42799638  0.63570419  0.65193714\n",
      "   0.33822045  0.61799829  0.38497901  0.41586026  0.64393832  0.65310933\n",
      "   0.62486882]\n",
      " [ 0.21458584  0.31098114  0.12701216  0.25696919  1.          0.17159839\n",
      "   0.12462119  0.36052565  0.17014512  0.14988406  0.20867169  0.19036339\n",
      "   0.12348064  0.21426785  0.18022204  0.13165386  0.25608191  0.23377911\n",
      "   0.25271991]\n",
      " [ 0.35258412  0.40995879  0.15590855  0.52056912  0.17159839  1.\n",
      "   0.26889873  0.35654433  0.23349126  0.26583107  0.44826304  0.41899649\n",
      "   0.21396569  0.38809979  0.25219086  0.27178551  0.41967328  0.45059056\n",
      "   0.39650386]\n",
      " [ 0.28378371  0.32690022  0.15774224  0.38379918  0.12462119  0.26889873\n",
      "   1.          0.33735654  0.17147474  0.23321914  0.37689101  0.38721009\n",
      "   0.18518502  0.32247324  0.20009191  0.20649286  0.32528951  0.42186612\n",
      "   0.31450692]\n",
      " [ 0.43118779  0.61778964  0.22092939  0.5885679   0.36052565  0.35654433\n",
      "   0.33735654  1.          0.33553354  0.45422565  0.43671961  0.44523764\n",
      "   0.31789064  0.53138341  0.3783158   0.29455745  0.49385764  0.51334671\n",
      "   0.48906021]\n",
      " [ 0.39961544  0.36053666  0.29834453  0.35603093  0.17014512  0.23349126\n",
      "   0.17147474  0.33553354  1.          0.34388689  0.37405098  0.34958054\n",
      "   0.35556435  0.37251736  0.20004477  0.24738729  0.38805709  0.36270581\n",
      "   0.43567171]\n",
      " [ 0.33013843  0.41925729  0.22952648  0.42799638  0.14988406  0.26583107\n",
      "   0.23321914  0.45422565  0.34388689  1.          0.3640736   0.35430657\n",
      "   0.3770153   0.39414212  0.22383893  0.25134616  0.38871855  0.38493653\n",
      "   0.38038242]\n",
      " [ 0.55428144  0.51685466  0.28651527  0.63570419  0.20867169  0.44826304\n",
      "   0.37689101  0.43671961  0.37405098  0.3640736   1.          0.67310237\n",
      "   0.30303947  0.53621672  0.28595693  0.45236143  0.61836946  0.68501614\n",
      "   0.61181387]\n",
      " [ 0.52834782  0.54972432  0.29846079  0.65193714  0.19036339  0.41899649\n",
      "   0.38721009  0.44523764  0.34958054  0.35430657  0.67310237  1.\n",
      "   0.28441022  0.53048671  0.27978959  0.39537563  0.5808215   0.65058442\n",
      "   0.58188301]\n",
      " [ 0.25730047  0.31700476  0.20441673  0.33822045  0.12348064  0.21396569\n",
      "   0.18518502  0.31789064  0.35556435  0.3770153   0.30303947  0.28441022\n",
      "   1.          0.26571119  0.20707149  0.1923913   0.26894757  0.33012769\n",
      "   0.27770822]\n",
      " [ 0.68185248  0.60257207  0.30637777  0.61799829  0.21426785  0.38809979\n",
      "   0.32247324  0.53138341  0.37251736  0.39414212  0.53621672  0.53048671\n",
      "   0.26571119  1.          0.33919787  0.45325343  0.71847637  0.54788312\n",
      "   0.67343108]\n",
      " [ 0.28866626  0.34392011  0.16657878  0.38497901  0.18022204  0.25219086\n",
      "   0.20009191  0.3783158   0.20004477  0.22383893  0.28595693  0.27978959\n",
      "   0.20707149  0.33919787  1.          0.26459079  0.34102105  0.31970845\n",
      "   0.35511875]\n",
      " [ 0.47941375  0.3616565   0.29879486  0.41586026  0.13165386  0.27178551\n",
      "   0.20649286  0.29455745  0.24738729  0.25134616  0.45236143  0.39537563\n",
      "   0.1923913   0.45325343  0.26459079  1.          0.51759334  0.36609298\n",
      "   0.44330359]\n",
      " [ 0.67677776  0.58619941  0.35842334  0.64393832  0.25608191  0.41967328\n",
      "   0.32528951  0.49385764  0.38805709  0.38871855  0.61836946  0.5808215\n",
      "   0.26894757  0.71847637  0.34102105  0.51759334  1.          0.57685635\n",
      "   0.72733862]\n",
      " [ 0.51433005  0.5537986   0.24324081  0.65310933  0.23377911  0.45059056\n",
      "   0.42186612  0.51334671  0.36270581  0.38493653  0.68501614  0.65058442\n",
      "   0.33012769  0.54788312  0.31970845  0.36609298  0.57685635  1.\n",
      "   0.58781667]\n",
      " [ 0.65322859  0.59580188  0.33689633  0.62486882  0.25271991  0.39650386\n",
      "   0.31450692  0.48906021  0.43567171  0.38038242  0.61181387  0.58188301\n",
      "   0.27770822  0.67343108  0.35511875  0.44330359  0.72733862  0.58781667\n",
      "   1.        ]]\n",
      "[[ 0.          0.54264221  0.32938539  0.54594117  0.21458584  0.35258412\n",
      "   0.28378371  0.43118779  0.39961544  0.33013843  0.55428144  0.52834782\n",
      "   0.25730047  0.68185248  0.28866626  0.47941375  0.67677776  0.51433005\n",
      "   0.65322859]\n",
      " [ 0.54264221  0.          0.24973604  0.6767617   0.31098114  0.40995879\n",
      "   0.32690022  0.61778964  0.36053666  0.41925729  0.51685466  0.54972432\n",
      "   0.31700476  0.60257207  0.34392011  0.3616565   0.58619941  0.5537986\n",
      "   0.59580188]\n",
      " [ 0.32938539  0.24973604  0.          0.28030518  0.12701216  0.15590855\n",
      "   0.15774224  0.22092939  0.29834453  0.22952648  0.28651527  0.29846079\n",
      "   0.20441673  0.30637777  0.16657878  0.29879486  0.35842334  0.24324081\n",
      "   0.33689633]\n",
      " [ 0.54594117  0.6767617   0.28030518  0.          0.25696919  0.52056912\n",
      "   0.38379918  0.5885679   0.35603093  0.42799638  0.63570419  0.65193714\n",
      "   0.33822045  0.61799829  0.38497901  0.41586026  0.64393832  0.65310933\n",
      "   0.62486882]\n",
      " [ 0.21458584  0.31098114  0.12701216  0.25696919  1.          0.17159839\n",
      "   0.12462119  0.36052565  0.17014512  0.14988406  0.20867169  0.19036339\n",
      "   0.12348064  0.21426785  0.18022204  0.13165386  0.25608191  0.23377911\n",
      "   0.25271991]\n",
      " [ 0.35258412  0.40995879  0.15590855  0.52056912  0.17159839  1.\n",
      "   0.26889873  0.35654433  0.23349126  0.26583107  0.44826304  0.41899649\n",
      "   0.21396569  0.38809979  0.25219086  0.27178551  0.41967328  0.45059056\n",
      "   0.39650386]\n",
      " [ 0.28378371  0.32690022  0.15774224  0.38379918  0.12462119  0.26889873\n",
      "   1.          0.33735654  0.17147474  0.23321914  0.37689101  0.38721009\n",
      "   0.18518502  0.32247324  0.20009191  0.20649286  0.32528951  0.42186612\n",
      "   0.31450692]\n",
      " [ 0.43118779  0.61778964  0.22092939  0.5885679   0.36052565  0.35654433\n",
      "   0.33735654  1.          0.33553354  0.45422565  0.43671961  0.44523764\n",
      "   0.31789064  0.53138341  0.3783158   0.29455745  0.49385764  0.51334671\n",
      "   0.48906021]\n",
      " [ 0.39961544  0.36053666  0.29834453  0.35603093  0.17014512  0.23349126\n",
      "   0.17147474  0.33553354  1.          0.34388689  0.37405098  0.34958054\n",
      "   0.35556435  0.37251736  0.20004477  0.24738729  0.38805709  0.36270581\n",
      "   0.43567171]\n",
      " [ 0.33013843  0.41925729  0.22952648  0.42799638  0.14988406  0.26583107\n",
      "   0.23321914  0.45422565  0.34388689  1.          0.3640736   0.35430657\n",
      "   0.3770153   0.39414212  0.22383893  0.25134616  0.38871855  0.38493653\n",
      "   0.38038242]\n",
      " [ 0.55428144  0.51685466  0.28651527  0.63570419  0.20867169  0.44826304\n",
      "   0.37689101  0.43671961  0.37405098  0.3640736   1.          0.67310237\n",
      "   0.30303947  0.53621672  0.28595693  0.45236143  0.61836946  0.68501614\n",
      "   0.61181387]\n",
      " [ 0.52834782  0.54972432  0.29846079  0.65193714  0.19036339  0.41899649\n",
      "   0.38721009  0.44523764  0.34958054  0.35430657  0.67310237  1.\n",
      "   0.28441022  0.53048671  0.27978959  0.39537563  0.5808215   0.65058442\n",
      "   0.58188301]\n",
      " [ 0.25730047  0.31700476  0.20441673  0.33822045  0.12348064  0.21396569\n",
      "   0.18518502  0.31789064  0.35556435  0.3770153   0.30303947  0.28441022\n",
      "   1.          0.26571119  0.20707149  0.1923913   0.26894757  0.33012769\n",
      "   0.27770822]\n",
      " [ 0.68185248  0.60257207  0.30637777  0.61799829  0.21426785  0.38809979\n",
      "   0.32247324  0.53138341  0.37251736  0.39414212  0.53621672  0.53048671\n",
      "   0.26571119  1.          0.33919787  0.45325343  0.71847637  0.54788312\n",
      "   0.67343108]\n",
      " [ 0.28866626  0.34392011  0.16657878  0.38497901  0.18022204  0.25219086\n",
      "   0.20009191  0.3783158   0.20004477  0.22383893  0.28595693  0.27978959\n",
      "   0.20707149  0.33919787  1.          0.26459079  0.34102105  0.31970845\n",
      "   0.35511875]\n",
      " [ 0.47941375  0.3616565   0.29879486  0.41586026  0.13165386  0.27178551\n",
      "   0.20649286  0.29455745  0.24738729  0.25134616  0.45236143  0.39537563\n",
      "   0.1923913   0.45325343  0.26459079  1.          0.51759334  0.36609298\n",
      "   0.44330359]\n",
      " [ 0.67677776  0.58619941  0.35842334  0.64393832  0.25608191  0.41967328\n",
      "   0.32528951  0.49385764  0.38805709  0.38871855  0.61836946  0.5808215\n",
      "   0.26894757  0.71847637  0.34102105  0.51759334  1.          0.57685635\n",
      "   0.72733862]\n",
      " [ 0.51433005  0.5537986   0.24324081  0.65310933  0.23377911  0.45059056\n",
      "   0.42186612  0.51334671  0.36270581  0.38493653  0.68501614  0.65058442\n",
      "   0.33012769  0.54788312  0.31970845  0.36609298  0.57685635  1.\n",
      "   0.58781667]\n",
      " [ 0.65322859  0.59580188  0.33689633  0.62486882  0.25271991  0.39650386\n",
      "   0.31450692  0.48906021  0.43567171  0.38038242  0.61181387  0.58188301\n",
      "   0.27770822  0.67343108  0.35511875  0.44330359  0.72733862  0.58781667\n",
      "   1.        ]]\n",
      "[[ 0.          0.54264221  0.32938539  0.54594117  0.21458584  0.35258412\n",
      "   0.28378371  0.43118779  0.39961544  0.33013843  0.55428144  0.52834782\n",
      "   0.25730047  0.68185248  0.28866626  0.47941375  0.67677776  0.51433005\n",
      "   0.65322859]\n",
      " [ 0.54264221  0.          0.24973604  0.6767617   0.31098114  0.40995879\n",
      "   0.32690022  0.61778964  0.36053666  0.41925729  0.51685466  0.54972432\n",
      "   0.31700476  0.60257207  0.34392011  0.3616565   0.58619941  0.5537986\n",
      "   0.59580188]\n",
      " [ 0.32938539  0.24973604  0.          0.28030518  0.12701216  0.15590855\n",
      "   0.15774224  0.22092939  0.29834453  0.22952648  0.28651527  0.29846079\n",
      "   0.20441673  0.30637777  0.16657878  0.29879486  0.35842334  0.24324081\n",
      "   0.33689633]\n",
      " [ 0.54594117  0.6767617   0.28030518  0.          0.25696919  0.52056912\n",
      "   0.38379918  0.5885679   0.35603093  0.42799638  0.63570419  0.65193714\n",
      "   0.33822045  0.61799829  0.38497901  0.41586026  0.64393832  0.65310933\n",
      "   0.62486882]\n",
      " [ 0.21458584  0.31098114  0.12701216  0.25696919  0.          0.17159839\n",
      "   0.12462119  0.36052565  0.17014512  0.14988406  0.20867169  0.19036339\n",
      "   0.12348064  0.21426785  0.18022204  0.13165386  0.25608191  0.23377911\n",
      "   0.25271991]\n",
      " [ 0.35258412  0.40995879  0.15590855  0.52056912  0.17159839  1.\n",
      "   0.26889873  0.35654433  0.23349126  0.26583107  0.44826304  0.41899649\n",
      "   0.21396569  0.38809979  0.25219086  0.27178551  0.41967328  0.45059056\n",
      "   0.39650386]\n",
      " [ 0.28378371  0.32690022  0.15774224  0.38379918  0.12462119  0.26889873\n",
      "   1.          0.33735654  0.17147474  0.23321914  0.37689101  0.38721009\n",
      "   0.18518502  0.32247324  0.20009191  0.20649286  0.32528951  0.42186612\n",
      "   0.31450692]\n",
      " [ 0.43118779  0.61778964  0.22092939  0.5885679   0.36052565  0.35654433\n",
      "   0.33735654  1.          0.33553354  0.45422565  0.43671961  0.44523764\n",
      "   0.31789064  0.53138341  0.3783158   0.29455745  0.49385764  0.51334671\n",
      "   0.48906021]\n",
      " [ 0.39961544  0.36053666  0.29834453  0.35603093  0.17014512  0.23349126\n",
      "   0.17147474  0.33553354  1.          0.34388689  0.37405098  0.34958054\n",
      "   0.35556435  0.37251736  0.20004477  0.24738729  0.38805709  0.36270581\n",
      "   0.43567171]\n",
      " [ 0.33013843  0.41925729  0.22952648  0.42799638  0.14988406  0.26583107\n",
      "   0.23321914  0.45422565  0.34388689  1.          0.3640736   0.35430657\n",
      "   0.3770153   0.39414212  0.22383893  0.25134616  0.38871855  0.38493653\n",
      "   0.38038242]\n",
      " [ 0.55428144  0.51685466  0.28651527  0.63570419  0.20867169  0.44826304\n",
      "   0.37689101  0.43671961  0.37405098  0.3640736   1.          0.67310237\n",
      "   0.30303947  0.53621672  0.28595693  0.45236143  0.61836946  0.68501614\n",
      "   0.61181387]\n",
      " [ 0.52834782  0.54972432  0.29846079  0.65193714  0.19036339  0.41899649\n",
      "   0.38721009  0.44523764  0.34958054  0.35430657  0.67310237  1.\n",
      "   0.28441022  0.53048671  0.27978959  0.39537563  0.5808215   0.65058442\n",
      "   0.58188301]\n",
      " [ 0.25730047  0.31700476  0.20441673  0.33822045  0.12348064  0.21396569\n",
      "   0.18518502  0.31789064  0.35556435  0.3770153   0.30303947  0.28441022\n",
      "   1.          0.26571119  0.20707149  0.1923913   0.26894757  0.33012769\n",
      "   0.27770822]\n",
      " [ 0.68185248  0.60257207  0.30637777  0.61799829  0.21426785  0.38809979\n",
      "   0.32247324  0.53138341  0.37251736  0.39414212  0.53621672  0.53048671\n",
      "   0.26571119  1.          0.33919787  0.45325343  0.71847637  0.54788312\n",
      "   0.67343108]\n",
      " [ 0.28866626  0.34392011  0.16657878  0.38497901  0.18022204  0.25219086\n",
      "   0.20009191  0.3783158   0.20004477  0.22383893  0.28595693  0.27978959\n",
      "   0.20707149  0.33919787  1.          0.26459079  0.34102105  0.31970845\n",
      "   0.35511875]\n",
      " [ 0.47941375  0.3616565   0.29879486  0.41586026  0.13165386  0.27178551\n",
      "   0.20649286  0.29455745  0.24738729  0.25134616  0.45236143  0.39537563\n",
      "   0.1923913   0.45325343  0.26459079  1.          0.51759334  0.36609298\n",
      "   0.44330359]\n",
      " [ 0.67677776  0.58619941  0.35842334  0.64393832  0.25608191  0.41967328\n",
      "   0.32528951  0.49385764  0.38805709  0.38871855  0.61836946  0.5808215\n",
      "   0.26894757  0.71847637  0.34102105  0.51759334  1.          0.57685635\n",
      "   0.72733862]\n",
      " [ 0.51433005  0.5537986   0.24324081  0.65310933  0.23377911  0.45059056\n",
      "   0.42186612  0.51334671  0.36270581  0.38493653  0.68501614  0.65058442\n",
      "   0.33012769  0.54788312  0.31970845  0.36609298  0.57685635  1.\n",
      "   0.58781667]\n",
      " [ 0.65322859  0.59580188  0.33689633  0.62486882  0.25271991  0.39650386\n",
      "   0.31450692  0.48906021  0.43567171  0.38038242  0.61181387  0.58188301\n",
      "   0.27770822  0.67343108  0.35511875  0.44330359  0.72733862  0.58781667\n",
      "   1.        ]]\n",
      "[[ 0.          0.54264221  0.32938539  0.54594117  0.21458584  0.35258412\n",
      "   0.28378371  0.43118779  0.39961544  0.33013843  0.55428144  0.52834782\n",
      "   0.25730047  0.68185248  0.28866626  0.47941375  0.67677776  0.51433005\n",
      "   0.65322859]\n",
      " [ 0.54264221  0.          0.24973604  0.6767617   0.31098114  0.40995879\n",
      "   0.32690022  0.61778964  0.36053666  0.41925729  0.51685466  0.54972432\n",
      "   0.31700476  0.60257207  0.34392011  0.3616565   0.58619941  0.5537986\n",
      "   0.59580188]\n",
      " [ 0.32938539  0.24973604  0.          0.28030518  0.12701216  0.15590855\n",
      "   0.15774224  0.22092939  0.29834453  0.22952648  0.28651527  0.29846079\n",
      "   0.20441673  0.30637777  0.16657878  0.29879486  0.35842334  0.24324081\n",
      "   0.33689633]\n",
      " [ 0.54594117  0.6767617   0.28030518  0.          0.25696919  0.52056912\n",
      "   0.38379918  0.5885679   0.35603093  0.42799638  0.63570419  0.65193714\n",
      "   0.33822045  0.61799829  0.38497901  0.41586026  0.64393832  0.65310933\n",
      "   0.62486882]\n",
      " [ 0.21458584  0.31098114  0.12701216  0.25696919  0.          0.17159839\n",
      "   0.12462119  0.36052565  0.17014512  0.14988406  0.20867169  0.19036339\n",
      "   0.12348064  0.21426785  0.18022204  0.13165386  0.25608191  0.23377911\n",
      "   0.25271991]\n",
      " [ 0.35258412  0.40995879  0.15590855  0.52056912  0.17159839  0.\n",
      "   0.26889873  0.35654433  0.23349126  0.26583107  0.44826304  0.41899649\n",
      "   0.21396569  0.38809979  0.25219086  0.27178551  0.41967328  0.45059056\n",
      "   0.39650386]\n",
      " [ 0.28378371  0.32690022  0.15774224  0.38379918  0.12462119  0.26889873\n",
      "   1.          0.33735654  0.17147474  0.23321914  0.37689101  0.38721009\n",
      "   0.18518502  0.32247324  0.20009191  0.20649286  0.32528951  0.42186612\n",
      "   0.31450692]\n",
      " [ 0.43118779  0.61778964  0.22092939  0.5885679   0.36052565  0.35654433\n",
      "   0.33735654  1.          0.33553354  0.45422565  0.43671961  0.44523764\n",
      "   0.31789064  0.53138341  0.3783158   0.29455745  0.49385764  0.51334671\n",
      "   0.48906021]\n",
      " [ 0.39961544  0.36053666  0.29834453  0.35603093  0.17014512  0.23349126\n",
      "   0.17147474  0.33553354  1.          0.34388689  0.37405098  0.34958054\n",
      "   0.35556435  0.37251736  0.20004477  0.24738729  0.38805709  0.36270581\n",
      "   0.43567171]\n",
      " [ 0.33013843  0.41925729  0.22952648  0.42799638  0.14988406  0.26583107\n",
      "   0.23321914  0.45422565  0.34388689  1.          0.3640736   0.35430657\n",
      "   0.3770153   0.39414212  0.22383893  0.25134616  0.38871855  0.38493653\n",
      "   0.38038242]\n",
      " [ 0.55428144  0.51685466  0.28651527  0.63570419  0.20867169  0.44826304\n",
      "   0.37689101  0.43671961  0.37405098  0.3640736   1.          0.67310237\n",
      "   0.30303947  0.53621672  0.28595693  0.45236143  0.61836946  0.68501614\n",
      "   0.61181387]\n",
      " [ 0.52834782  0.54972432  0.29846079  0.65193714  0.19036339  0.41899649\n",
      "   0.38721009  0.44523764  0.34958054  0.35430657  0.67310237  1.\n",
      "   0.28441022  0.53048671  0.27978959  0.39537563  0.5808215   0.65058442\n",
      "   0.58188301]\n",
      " [ 0.25730047  0.31700476  0.20441673  0.33822045  0.12348064  0.21396569\n",
      "   0.18518502  0.31789064  0.35556435  0.3770153   0.30303947  0.28441022\n",
      "   1.          0.26571119  0.20707149  0.1923913   0.26894757  0.33012769\n",
      "   0.27770822]\n",
      " [ 0.68185248  0.60257207  0.30637777  0.61799829  0.21426785  0.38809979\n",
      "   0.32247324  0.53138341  0.37251736  0.39414212  0.53621672  0.53048671\n",
      "   0.26571119  1.          0.33919787  0.45325343  0.71847637  0.54788312\n",
      "   0.67343108]\n",
      " [ 0.28866626  0.34392011  0.16657878  0.38497901  0.18022204  0.25219086\n",
      "   0.20009191  0.3783158   0.20004477  0.22383893  0.28595693  0.27978959\n",
      "   0.20707149  0.33919787  1.          0.26459079  0.34102105  0.31970845\n",
      "   0.35511875]\n",
      " [ 0.47941375  0.3616565   0.29879486  0.41586026  0.13165386  0.27178551\n",
      "   0.20649286  0.29455745  0.24738729  0.25134616  0.45236143  0.39537563\n",
      "   0.1923913   0.45325343  0.26459079  1.          0.51759334  0.36609298\n",
      "   0.44330359]\n",
      " [ 0.67677776  0.58619941  0.35842334  0.64393832  0.25608191  0.41967328\n",
      "   0.32528951  0.49385764  0.38805709  0.38871855  0.61836946  0.5808215\n",
      "   0.26894757  0.71847637  0.34102105  0.51759334  1.          0.57685635\n",
      "   0.72733862]\n",
      " [ 0.51433005  0.5537986   0.24324081  0.65310933  0.23377911  0.45059056\n",
      "   0.42186612  0.51334671  0.36270581  0.38493653  0.68501614  0.65058442\n",
      "   0.33012769  0.54788312  0.31970845  0.36609298  0.57685635  1.\n",
      "   0.58781667]\n",
      " [ 0.65322859  0.59580188  0.33689633  0.62486882  0.25271991  0.39650386\n",
      "   0.31450692  0.48906021  0.43567171  0.38038242  0.61181387  0.58188301\n",
      "   0.27770822  0.67343108  0.35511875  0.44330359  0.72733862  0.58781667\n",
      "   1.        ]]\n",
      "[[ 0.          0.54264221  0.32938539  0.54594117  0.21458584  0.35258412\n",
      "   0.28378371  0.43118779  0.39961544  0.33013843  0.55428144  0.52834782\n",
      "   0.25730047  0.68185248  0.28866626  0.47941375  0.67677776  0.51433005\n",
      "   0.65322859]\n",
      " [ 0.54264221  0.          0.24973604  0.6767617   0.31098114  0.40995879\n",
      "   0.32690022  0.61778964  0.36053666  0.41925729  0.51685466  0.54972432\n",
      "   0.31700476  0.60257207  0.34392011  0.3616565   0.58619941  0.5537986\n",
      "   0.59580188]\n",
      " [ 0.32938539  0.24973604  0.          0.28030518  0.12701216  0.15590855\n",
      "   0.15774224  0.22092939  0.29834453  0.22952648  0.28651527  0.29846079\n",
      "   0.20441673  0.30637777  0.16657878  0.29879486  0.35842334  0.24324081\n",
      "   0.33689633]\n",
      " [ 0.54594117  0.6767617   0.28030518  0.          0.25696919  0.52056912\n",
      "   0.38379918  0.5885679   0.35603093  0.42799638  0.63570419  0.65193714\n",
      "   0.33822045  0.61799829  0.38497901  0.41586026  0.64393832  0.65310933\n",
      "   0.62486882]\n",
      " [ 0.21458584  0.31098114  0.12701216  0.25696919  0.          0.17159839\n",
      "   0.12462119  0.36052565  0.17014512  0.14988406  0.20867169  0.19036339\n",
      "   0.12348064  0.21426785  0.18022204  0.13165386  0.25608191  0.23377911\n",
      "   0.25271991]\n",
      " [ 0.35258412  0.40995879  0.15590855  0.52056912  0.17159839  0.\n",
      "   0.26889873  0.35654433  0.23349126  0.26583107  0.44826304  0.41899649\n",
      "   0.21396569  0.38809979  0.25219086  0.27178551  0.41967328  0.45059056\n",
      "   0.39650386]\n",
      " [ 0.28378371  0.32690022  0.15774224  0.38379918  0.12462119  0.26889873\n",
      "   0.          0.33735654  0.17147474  0.23321914  0.37689101  0.38721009\n",
      "   0.18518502  0.32247324  0.20009191  0.20649286  0.32528951  0.42186612\n",
      "   0.31450692]\n",
      " [ 0.43118779  0.61778964  0.22092939  0.5885679   0.36052565  0.35654433\n",
      "   0.33735654  1.          0.33553354  0.45422565  0.43671961  0.44523764\n",
      "   0.31789064  0.53138341  0.3783158   0.29455745  0.49385764  0.51334671\n",
      "   0.48906021]\n",
      " [ 0.39961544  0.36053666  0.29834453  0.35603093  0.17014512  0.23349126\n",
      "   0.17147474  0.33553354  1.          0.34388689  0.37405098  0.34958054\n",
      "   0.35556435  0.37251736  0.20004477  0.24738729  0.38805709  0.36270581\n",
      "   0.43567171]\n",
      " [ 0.33013843  0.41925729  0.22952648  0.42799638  0.14988406  0.26583107\n",
      "   0.23321914  0.45422565  0.34388689  1.          0.3640736   0.35430657\n",
      "   0.3770153   0.39414212  0.22383893  0.25134616  0.38871855  0.38493653\n",
      "   0.38038242]\n",
      " [ 0.55428144  0.51685466  0.28651527  0.63570419  0.20867169  0.44826304\n",
      "   0.37689101  0.43671961  0.37405098  0.3640736   1.          0.67310237\n",
      "   0.30303947  0.53621672  0.28595693  0.45236143  0.61836946  0.68501614\n",
      "   0.61181387]\n",
      " [ 0.52834782  0.54972432  0.29846079  0.65193714  0.19036339  0.41899649\n",
      "   0.38721009  0.44523764  0.34958054  0.35430657  0.67310237  1.\n",
      "   0.28441022  0.53048671  0.27978959  0.39537563  0.5808215   0.65058442\n",
      "   0.58188301]\n",
      " [ 0.25730047  0.31700476  0.20441673  0.33822045  0.12348064  0.21396569\n",
      "   0.18518502  0.31789064  0.35556435  0.3770153   0.30303947  0.28441022\n",
      "   1.          0.26571119  0.20707149  0.1923913   0.26894757  0.33012769\n",
      "   0.27770822]\n",
      " [ 0.68185248  0.60257207  0.30637777  0.61799829  0.21426785  0.38809979\n",
      "   0.32247324  0.53138341  0.37251736  0.39414212  0.53621672  0.53048671\n",
      "   0.26571119  1.          0.33919787  0.45325343  0.71847637  0.54788312\n",
      "   0.67343108]\n",
      " [ 0.28866626  0.34392011  0.16657878  0.38497901  0.18022204  0.25219086\n",
      "   0.20009191  0.3783158   0.20004477  0.22383893  0.28595693  0.27978959\n",
      "   0.20707149  0.33919787  1.          0.26459079  0.34102105  0.31970845\n",
      "   0.35511875]\n",
      " [ 0.47941375  0.3616565   0.29879486  0.41586026  0.13165386  0.27178551\n",
      "   0.20649286  0.29455745  0.24738729  0.25134616  0.45236143  0.39537563\n",
      "   0.1923913   0.45325343  0.26459079  1.          0.51759334  0.36609298\n",
      "   0.44330359]\n",
      " [ 0.67677776  0.58619941  0.35842334  0.64393832  0.25608191  0.41967328\n",
      "   0.32528951  0.49385764  0.38805709  0.38871855  0.61836946  0.5808215\n",
      "   0.26894757  0.71847637  0.34102105  0.51759334  1.          0.57685635\n",
      "   0.72733862]\n",
      " [ 0.51433005  0.5537986   0.24324081  0.65310933  0.23377911  0.45059056\n",
      "   0.42186612  0.51334671  0.36270581  0.38493653  0.68501614  0.65058442\n",
      "   0.33012769  0.54788312  0.31970845  0.36609298  0.57685635  1.\n",
      "   0.58781667]\n",
      " [ 0.65322859  0.59580188  0.33689633  0.62486882  0.25271991  0.39650386\n",
      "   0.31450692  0.48906021  0.43567171  0.38038242  0.61181387  0.58188301\n",
      "   0.27770822  0.67343108  0.35511875  0.44330359  0.72733862  0.58781667\n",
      "   1.        ]]\n",
      "[[ 0.          0.54264221  0.32938539  0.54594117  0.21458584  0.35258412\n",
      "   0.28378371  0.43118779  0.39961544  0.33013843  0.55428144  0.52834782\n",
      "   0.25730047  0.68185248  0.28866626  0.47941375  0.67677776  0.51433005\n",
      "   0.65322859]\n",
